1234
2007
2006
2008
2005
1994
1993
1992
1995
1991
1990
1989
2000
1987
2004
1996
1988
2009
1986
2003
1985
1984
2002
1997
1983
1982
2001
1980
2010
1981
1979
1998
1978
1212
1977
1999
1976
1975
6969
1974
1973
1010
1972
1000
1313
1969
1970
1111
1971
2011
2012
1122
1968
1221
2468
1967
1213
1012
1966
2525
2121
1020
1123
3000
2323
1314
1965
1210
2020
4321
1223
1230
1964
1023
1011
1214
0000
0123
1963
1121
1224
1024
1013
1022
4444
1231
1001
1220
1021
1215
1216
7777
1218
2112
1025
1014
1211
1225
1205
1962
1015
1206
1217
1888
1029
1228
1960
1107
1017
1204
1120
2222
1031
1112
1124
1016
1028
2424
1105
1125
1018
1414
1026
1103
1104
1203
1027
1207
1202
1208
5150
1127
2013
1106
1515
1219
1227
1030
1019
1226
1005
1129
1961
1229
1004
1201
9999
1209
1126
1128
5678
1102
1959
1002
8888
2345
1101
5683
1108
1130
1003
1958
1007
1957
1222
1006
1109
1717
2526
0506
1956
1701
1907
5555
1113
1616
0101
1008
1905
1412
0808
0607
1955
1818
0909
1117
1114
1009
0102
0708
1110
1919
1690
5000
1116
1903
1432
0707
0405
0406
0205
0505
0214
2529
1115
1908
0204
2528
1324
1954
2527
1200
0202
0305
0711
0809
2530
2212
3333
0306
2310
1415
0304
0311
0303
1118
1516
0412
0606
2210
1312
0987
0203
1310
0408
0407
0210
0812
0507
0404
0420
2014
2105
0911
1369
0308
2211
0107
6666
2911
1307
2580
2123
1953
1402
0103
1119
1500
2524
0307
0212
1912
0206
1950
1904
1331
0110
1305
1920
5566
0207
0104
0105
2312
2727
1408
0912
2106
1235
2311
1800
2523
2107
0411
0508
0106
0512
2205
1512
3030
1306
1323
2626
1311
1245
0612
0312
0208
1405
1416
1952
9876
2412
1410
1906
1821
6789
1100
0608
1411
1357
2531
1233
1911
2103
4567
1303
2104
0509
2828
2510
1407
1321
1812
1308
2522
2305
1606
2202
0211
0712
2324
1718
2410
0108
2206
0811
1508
2207
0906
1505
1404
2233
2110
2532
1406
2108
0610
0709
4545
0907
2303
1510
2512
0511
2304
2411
1304
1506
0209
0321
0410
2307
0910
0805
0810
2511
2536
2306
1805
0309
1605
1611
2204
2122
0806
1705
2505
0803
1232
1951
0921
2021
0710
0905
1507
2203
1437
0109
0510
7890
0704
1808
1290
8989
0611
2535
1503
1309
0804
0705
1236
0908
0310
0503
0609
2208
1707
1504
2506
0402
1289
0815
3232
1892
1910
0416
2407
2508
1511
1711
0904
2109
1925
2308
0401
0802
2408
2711
1712
1928
1409
1810
2521
2406
1806
2533
0604
1804
0421
2309
1523
0423
1488
0121
2610
0220
1302
0403
0213
2520
1403
1617
3456
0903
0923
1423
0409
1922
1315
2405
0525
0215
5254
1288
1509
1502
0823
0902
0414
1612
1300
2710
1610
1703
1948
5050
0001
0603
1921
0502
1520
0316
0302
1902
1708
0821
1909
0425
0504
1803
0723
3434
1923
1706
0112
1607
1811
3003
1316
0605
1420
2404
0415
1320
0623
0315
2499
1809
1704
0325
0323
0313
2810
2604
1188
0801
0424
1322
1492
2705
0326
2209
1604
0330
1710
0807
1945
2501
2201
1325
0706
2102
0828
0621
2519
0816
0703
0919
2503
3110
0602
2507
1301
0224
2301
0824
0813
0714
0314
0218
0513
0515
0520
0713
0814
1947
2504
2101
0922
1914
0822
1525
0818
2712
2500
0521
0124
0825
0524
2805
1425
1501
3112
0327
0125
1709
0422
0426
0217
1603
1421
1608
2808
0301
0901
0717
0428
2403
2015
3006
2704
0916
1287
2244
2534
0528
2611
2606
1819
5656
2124
1949
0722
0920
1901
2288
1802
0601
1801
0221
1401
1521
1602
1618
2332
0318
0225
0721
2910
0317
0624
0522
0201
0007
0518
1317
1820
0918
0925
1517
2811
2812
0924
0701
2539
0126
0625
0913
0223
0417
2326
0702
0928
1430
3131
0626
2509
0328
1702
1469
1822
0427
0917
1927
0122
0523
0914
0501
1434
1924
0324
2707
2409
1337
2929
1524
4000
1823
0216
1807
2425
0831
1422
0128
9000
3010
0413
0622
1318
2401
2100
3012
0120
1913
0929
1424
1518
0127
2612
1379
0927
0531
1916
9090
2518
1873
0331
0930
1900
0613
0915
1621
0429
2502
7410
1609
1789
3011
2904
0320
0418
1187
1326
2113
0725
0926
0728
2302
0616
2806
0219
0628
0529
2402
0826
1418
2907
3001
0519
4200
2111
0517
0620
0819
1721
0526
2804
2703
3004
2706
0430
0113
2912
0131
0618
2906
0615
2607
2708
2608
0319
0419
0724
0322
1824
0827
0820
0129
1177
0226
8520
1723
1256
0114
1286
1417
0527
0329
0715
2605
2803
0619
0516
1293
0727
3005
1946
1590
3105
2903
2517
0514
3007
1623
0630
5252
1327
2223
2325
1942
8701
2125
1620
0830
2327
0614
2030
0829
0817
1601
7878
2905
2909
0115
2602
0227
0228
2023
1190
1294
1199
1090
2609
1875
0117
2809
2516
1189
1881
2807
2908
2022
1285
0617
2801
1522
1944
3210
2802
0716
1088
6996
1428
2515
2603
2514
1295
3008
1243
2537
1622
0627
3101
1478
2538
0530
3107
2709
2314
0118
1388
1600
1269
1722
2213
1890
8787
5454
1134
0116
2550
1929
0720
1254
1400
0729
1930
1926
1688
9898
0011
2901
0718
2589
3113
0130
1392
1192
0629
1328
1526
1619
1150
3108
2024
1092
1390
0719
1133
2601
3103
2488
1066
2025
5200
0222
1292
7788
2486
1080
2316
2126
2469
0731
4242
1624
0119
0726
2188
1719
1191
1530
1589
0111
7272
2313
1089
2388
2315
1195
2513
2702
1284
2369
5300
3009
1185
2442
2289
2277
3636
2426
2389
2728
1591
1296
0012
1098
1433
1330
4040
1592
1727
1431
2120
2214
1184
1419
1825
0147
2200
2390
1489
0730
2131
2992
2255
1319
1291
1427
1788
1138
1917
1626
7399
2134
1941
1239
2789
2118
3535
3123
2321
1193
1087
2229
8907
1258
1283
1186
2224
1426
1828
2116
2218
1691
2627
2891
1689
1528
6600
1435
2701
1720
1593
1490
1278
2588
2552
2427
2391
1724
1826
2127
1519
1487
1918
1436
2400
2190
1456
1299
1513
1625
2318
1196
3200
4455
1085
2016
2300
3344
1827
2114
4869
8806
2169
1728
2428
1413
1298
2115
2414
1790
1441
1588
1094
1280
1095
1874
1393
1793
2215
2128
1144
1386
8899
2191
2117
1086
1889
1940
1776
9696
8080
2317
1891
2882
1814
6000
1389
1250
1329
0013
1238
2189
0069
1237
2421
1514
2185
2489
4747
2234
2689
2319
2017
2119
2216
2387
2187
6288
2290
1099
2829
1628
1394
1935
1943
2384
2287
2130
1692
2230
0143
2386
2328
8910
5225
1345
2285
1551
1932
1182
1937
4201
3310
0789
2217
1829
1493
9292
1178
1627
2415
2292
1491
3579
1194
1395
1183
2583
1155
2393
9800
1391
1933
1277
1700
2286
1069
1279
1587
8383
1181
1282
1725
1887
2413
1091
2028
1093
2225
2186
2690
8705
1931
7414
1714
2284
2129
8686
2991
1084
2099
1453
1387
6669
2392
2269
1791
1281
1179
7891
1786
1726
7474
0077
2356
5858
3100
1527
1198
2026
2487
1032
1830
1899
1529
1429
9900
2322
2027
1077
1787
2291
8585
2691
6767
6363
4848
2293
3220
2930
1082
1586
7373
2416
8282
6464
1715
1596
4488
1730
1792
8000
4221
0014
1687
8891
2484
1813
8484
1096
1915
2219
1180
2600
2448
7000
1936
1771
0023
1939
2551
2330
9988
1485
1486
2587
1143
2791
1197
1878
2018
2090
4114
3211
2540
2231
1083
2492
7575
2787
7979
2385
2684
1886
3214
2232
2585
1397
2431
2490
2662
1033
5674
1785
9009
2429
3121
2988
7787
2192
2320
4123
2029
2295
2383
2226
1816
6230
6699
2890
2591
2790
1242
1040
2184
2586
7676
4343
6262
2686
2990
2040
2019
3838
1050
5432
2628
1884
1385
9494
2282
1275
1595
9595
2418
3500
1471
1452
7894
2423
5757
5366
6977
1893
4204
2688
1169
2394
8990
3737
1248
2088
1693
2788
2493
8889
2329
1882
2091
8181
1377
2266
2772
8890
1729
1045
2491
2889
2630
6988
1815
2417
0021
2430
1614
1585
2089
1479
2590
2569
6868
5377
2194
1495
0003
2193
2331
1255
6565
2902
0991
1885
2395
1247
1081
1297
1938
8706
1132
1713
4224
4711
2050
1131
3002
2989
9393
6425
1579
5589
1784
2549
2221
5505
4141
2485
3031
2793
2422
8008
2133
1869
2132
0800
1244
3303
2582
2227
8807
1075
6453
5353
9191
1584
4554
1259
1145
3120
1630
0010
3388
2183
2584
2729
1175
5253
1598
1794
1276
1597
2283
1482
2892
1569
2792
7789
2419
1340
2494
1629
1494
2195
1583
1613
2294
1342
4646
2420
3991
2593
2333
0022
8789
7707
6661
1384
3221
3223
1669
2545
2830
7600
3321
2087
3104
3377
3355
1265
1097
1079
2456
1531
3212
2274
8605
1334
2483
1477
1895
2145
2687
3300
2786
3313
2987
2888
1267
2547
1135
1934
2180
1078
1795
1174
1332
2086
1274
2228
1483
5472
3188
8788
1382
2730
2377
1685
0099
1684
2481
4500
1346
8604
1333
0990
1347
2785
1694
2341
5891
0015
1615
1686
2629
2334
1358
5588
2495
1380
7799
2480
4589
2299
3690
2085
7997
1257
1055
0002
2236
2800
2813
1251
1894
8669
2496
9111
1594
6300
7007
0258
3366
5500
6989
4400
1883
1775
9119
5646
5522
2548
1480
5689
2181
2378
3825
2478
2199
3939
1268
1166
2887
2893
7896
4512
2815
3264
1035
2380
2281
6900
0004
2541
2692
1266
2592
6688
3322
5151
8586
2143
1876
3412
1246
4077
9905
4422
3250
2985
1470
1240
1359
2581
2713
2477
2177
4100
2482
6891
2794
0587
1438
4569
1147
7171
1056
1678
1252
2220
9889
6060
8123
5577
2685
2694
2092
3369
1532
5673
1716
3190
1580
2396
1381
1396
2723
1831
8687
2714
1542
5123
1731
8800
1076
1877
1450
1782
2278
9801
2093
3173
1170
2885
2479
1141
3323
5477
2381
3191
6630
0889
1273
1777
2693
2816
9293
2595
8991
0369
1137
0890
2617
2894
8246
3132
2144
1458
3393
1355
0187
0229
3311
6869
5623
1896
2700
3205
1253
1783
1142
2579
1152
3106
8462
1897
3117
9901
3122
2357
5525
2993
1599
0786
9891
0024
0690
9008
1631
4523
9192
1378
0017
1383
1074
0891
1156
2142
3773
1533
1172
3891
1042
1481
6677
2272
3399
4588
7610
9797
1157
1472
3201
1272
2913
1399
6987
2886
9123
4521
2355
2722
8588
1455
1661
4020
2995
7734
3021
6161
1356
9210
2795
2379
2432
8503
7879
1057
2279
3693
2242
2784
0788
1241
5959
5100
1047
1159
2280
1352
2622
8805
2382
1072
1350
2498
0016
1682
2980
1360
3125
2986
1375
1484
1263
4949
2434
2245
1034
1683
9112
9989
1260
3213
2884
2639
2818
0018
2883
1065
4404
7827
9899
1582
8869
1499
5775
7913
2769
1176
2182
7285
2435
1680
4891
7887
4420
4590
4789
1064
2031
1817
4477
3090
3116
1445
1366
1459
2543
1632
8732
3400
9904
2254
2433
9987
2613
3124
2716
2198
1376
9903
2717
5599
3025
1067
3022
4207
2983
8905
2135
0025
7117
2599
3186
9966
2695
4563
1344
8122
2825
2900
8892
1898
7899
0192
1264
6123
1475
1496
5233
2399
1060
2616
3192
2679
3130
2822
2235
2726
0988
2343
2624
1545
2623
9495
3133
2337
8486
5456
3020
8485
3269
5210
2719
2178
2252
0288
2814
1368
3187
7227
9911
5610
2614
6911
9205
2196
3215
1073
2819
3115
3092
0688
1036
2080
4862
3036
2344
2621
2895
2718
8808
2994
2084
8908
9394
3312
2258
8283
5569
1872
3102
0880
3390
1880
3721
2625
2996
3306
1695
9211
1457
6913
3698
0071
2594
1372
4884
1154
2544
2374
2546
2262
4110
0019
2619
6606
3993
2250
1037
8284
9906
3185
8688
1567
2276
2256
9110
7711
2296
3600
1879
1171
3305
0009
9500
1053
2715
7980
2147
3883
4210
5501
3234
3126
7123
3345
1633
2365
8488
2683
5001
1577
4556
2931
0005
8487
1398
8791
6686
2032
2615
1153
1161
3189
0590
1158
0586
2899
2783
8790
6942
9001
7700
1165
3018
8988
2681
3315
3091
1681
0852
6190
1038
5665
0989
1070
0687
4411
9105
2083
4600
2563
7467
9193
1781
7778
5005
3689
4456
1679
2697
1498
3410
2720
1364
7070
3304
2918
1870
9669
2781
5567
4578
3421
8900
1335
8811
2922
8384
8906
1071
1054
8822
3128
7714
6275
3114
3288
2179
5455
0777
6905
1043
4231
2782
3800
7500
1454
3111
7412
2696
1151
4991
2094
3691
1164
1041
3127
3301
2564
5544
2275
2678
6610
1062
8642
1046
8898
1044
2034
2150
8504
2596
2879
3089
5464
3699
0787
1780
3326
3027
3791
3663
9600
3233
3411
2831
2780
4591
1367
3551
2033
1540
4300
4213
2823
1578
1871
2165
6680
9091
9010
6904
6907
9109
2880
9902
2342
2168
2917
2436
6991
7895
2721
1550
2475
2497
5115
2297
6901
9802
2248
0008
4205
6111
6788
2699
0689
8812
4484
3088
8587
1699
1167
2095
1440
1666
5452
6280
3015
5490
0100
3307
1769
1271
4113
2984
1173
2578
7766
1058
8426
4212
2618
6002
9294
5299
3202
7782
2240
9874
9596
1354
8183
3262
3141
9805
1798
8877
8992
3169
7800
7781
3553
2667
2140
9012
8404
1773
1365
1363
5494
3325
7991
1052
1140
1555
5321
5289
1856
2366
0289
2141
1799
2398
1535
4568
2731
1497
2455
5585
5700
8200
8691
6790
7733
6500
8844
7785
1270
8792
2265
2474
1136
2826
1349
2298
5002
2598
2346
4190
8689
3425
3705
6101
2820
5885
2237
5565
2846
1696
6690
2821
3392
1732
2680
3013
5263
2466
1463
8302
8902
2566
0027
1474
8998
2577
3024
3435
3216
2869
4004
5606
3387
5201
9395
3733
7981
3510
1562
4125
4587
1371
9007
1249
5590
4812
4112
3443
2620
2358
1845
4689
4011
1571
9106
8505
3180
3339
3334
3023
7664
3505
5587
0191
6972
7926
2273
5187
3230
1341
7786
1351
2354
1447
1778
1168
0666
2817
8118
1573
1049
2175
3489
3314
2253
4566
5698
3177
2920
2170
3650
6689
5290
8402
4220
5499
8903
2197
2464
6886
4561
5400
3987
8523
3669
5595
2877
1039
0394
8121
7677
9799
5953
1262
3014
2035
1068
9981
8385
2136
4546
5412
7465
2631
8081
8521
2264
5691
3789
7780
3389
1444
2246
4290
2450
5789
8421
3283
5991
2036
7982
9977
4565
6979
6667
7889
1261
4506
8210
0033
2565
1654
8589
5506
4130
3195
9405
4562
0486
0388
7411
4211
1560
2044
5586
2878
2367
2171
3245
1348
2174
1149
0088
5859
7769
8901
7699
6543
2370
7795
9311
2176
7845
1374
4499
2137
5791
2082
2919
2779
0791
0389
4520
3692
2473
9779
0286
1832
7783
7126
5687
7654
7400
1640
6100
8778
2154
2725
1796
7792
4105
4489
1059
3087
3588
4406
4206
3026
8100
1148
2045
0190
3711
3028
7893
2663
3394
7722
9021
5679
2926
9510
5020
3016
2896
2247
0390
3324
1465
8405
4312
9791
5966
9496
4424
2069
6488
4311
4182
7892
9804
5826
5112
8124
3206
8182
8433
1563
9305
3330
4585
1343
4791
1850
4407
7985
5600
9699
1572
1565
9986
2349
4132
8911
4433
2243
1634
4269
1844
2352
8228
5489
2465
4102
1865
3193
3290
4101
5214
2925
1833
1468
9909
4121
8506
5690
3490
0790
1139
1556
9798
9002
1581
1362
5107
3420
4405
6400
0006
3184
1852
1836
9598
2046
3084
0231
5211
9806
2251
2241
5335
4494
8201
0292
3119
2542
5312
7797
4283
2376
2556
2340
8184
1051
1439
3606
1476
3487
5213
7898
3109
6970
9212
2979
1536
8388
5491
2166
1664
0070
2156
1336
3040
0028
7277
5280
5011
7882
2923
9521
7002
1698
1867
2682
7861
2747
7688
6999
5488
4688
0291
3700
1451
5010
4826
1534
3455
5055
9304
2467
3308
2457
2350
2778
2164
0020
8707
1063
3194
1160
7986
3383
5504
0792
0985
0986
9499
3207
5688
3474
6985
0589
8301
8199
2077
4421
4389
9503
3217
2238
5326
3612
0691
4787
6279
2915
3662
3095
4202
7447
8810
7669
2148
4475
9597
3478
2799
2060
7905
7667
8823
1373
2981
4905
1061
2898
1677
1855
6921
1460
0189
9004
3142
6305
0230
3482
7779
4124
8191
1650
1636
2476
2916
2635
1770
1574
2372
3244
1466
5523
3590
7988
3019
8712
4700
0494
2914
1564
6801
3900
2567
5612
2982
5900
4152
5420
2470
8311
5203
5283
0188
1467
0588
3289
2881
5288
4560
0284
3578
2438
0591
2042
3296
3179
3569
6605
0593
3182
9011
9698
7679
1442
8186
5512
9412
5639
0098
9512
8403
7706
5224
9632
7210
6906
2677
3118
8855
7784
8704
4466
2359
8987
5788
6624
1734
4001
5503
4002
2160
4120
1674
9990
0484
0153
1473
5686
2397
4401
3265
4485
8886
5212
8765
5121
5467
2653
0487
3093
0585
4501
8406
2363
2263
4050
3129
2351
4582
9498
5657
4490
8801
7701
0391
1733
0384
7794
2138
1554
8203
4031
5478
5012
9803
0493
4223
9697
0485
2081
2454
5391
3524
4800
0293
2921
0026
9101
9306
4108
8803
8305
3404
3255
9887
6776
8288
4215
3332
9103
8285
7077
4682
3423
1797
3792
5421
5310
8819
7773
2440
6978
6200
1464
5469
4288
9104
8306
8606
0029
5592
5021
4890
6264
9691
6591
5232
2458
5191
5533
8188
8786
1462
3196
5445
8893
5507
1443
7321
4203
7791
1774
2155
3686
6589
5255
0079
2777
7673
5231
7793
2897
8818
1570
0032
9114
7984
2559
6692
6678
3316
0072
2451
5626
3143
0387
2347
7172
6971
3591
5747
2173
8912
6986
7105
6405
6691
6556
3284
2151
6705
2097
3218
0385
6102
1854
2560
9688
8310
8711
2669
3811
5513
2724
4208
1864
5102
3589
3224
7289
8104
1575
3570
3225
7897
2827
5188
7588
2163
0893
2257
4599
3512
4511
6120
0692
0182
5130
1568
2999
2698
8833
4486
3391
2796
2445
5521
3204
2797
8804
9701
7100
2047
8668
4505
4412
6194
4491
6131
8878
1643
9300
1642
3492
4480
1739
1853
4408
2096
5264
2368
3231
1860
2924
5486
4452
1742
4522
2453
7881
3406
2770
1146
9006
5682
9288
3677
1558
0488
5272
3604
2249
2146
4104
8105
1361
7883
6902
1675
6990
0285
4612
5462
5103
4896
9200
3099
3415
1163
9982
4801
0357
4292
1339
2636
3577
9204
1162
5315
4111
5632
8802
6644
0694
1548
9856
6369
5995
2172
1750
5535
5277
2555
8993
7211
9195
8088
4122
4106
3496
9603
5236
6590
3407
4492
1863
4010
7485
6791
0686
8591
8690
5291
6116
8187
3422
6292
5411
5545
4788
2259
9890
4469
9404
4268
3545
0900
2666
2271
3742
0034
7880
3302
3077
1834
0886
5484
7877
5446
3506
8001
2070
4580
3477
6001
3256
0193
3227
2375
8205
9502
3610
8482
2267
5106
6020
8206
2978
3292
5104
8904
5466
9100
4592
7475
4673
7727
0044
5511
4287
5510
6234
4189
4423
8401
6980
5515
4987
2268
3386
2856
2444
2824
2969
3199
3278
4192
8312
4107
9182
9991
5611
3521
5101
6655
4785
4255
0031
7589
3710
9505
4988
9207
1670
7886
4532
0892
4586
1541
1672
2633
9194
4243
5384
3625
6482
7337
5896
9506
5593
5060
1370
3069
5575
9700
3080
5192
5285
1772
6462
7790
7426
4900
6336
7488
6983
9877
9107
1848
5309
6923
2075
5520
4414
8286
3254
5787
3291
4664
3086
5492
7869
3452
4911
1662
2260
3293
0392
7477
5223
5433
5256
3282
6321
9511
3033
9295
2360
8082
8002
3405
1448
8472
1543
2162
2336
3320
5584
8264
3654
2575
8884
9513
2065
3183
3343
0300
3696
3181
3615
0795
7391
0055
0078
2874
3467
2774
7678
2463
5406
2997
2270
5869
3704
7705
4985
8985
5901
4487
4233
7884
7718
3687
7989
8321
5402
5677
5621
3219
5220
4402
5393
4116
3203
9202
4515
2876
6676
2335
9702
4229
4701
5892
2568
7179
9303
7104
5388
4188
9206
0594
7300
5502
8494
5693
3688
5692
2597
8103
6587
5792
2348
2977
4687
5847
5110
5582
2998
0981
9108
5671
5576
3094
0199
3507
3571
3777
7798
0495
9215
6420
2371
0383
9216
7290
6266
5786
0489
8817
8887
1635
4209
9400
4550
5189
2574
6393
3890
9301
6103
3266
2975
8500
5284
8825
0770
3454
6226
8192
0993
5051
0290
9229
3319
4216
9092
4245
9117
4199
9875
4187
5676
9955
0351
1697
3017
4305
3445
6981
2675
8814
2239
5685
6070
5551
7593
1559
4316
6106
9969
3481
3787
5282
7900
7577
0169
8769
8897
6283
5890
3082
3150
3164
9985
8090
6306
3984
8290
4191
3178
5390
6903
6233
5118
9203
7686
6454
8083
9399
0784
4593
4344
5262
7771
4889
3488
9705
6006
3277
2153
5125
2157
3821
5324
0200
3395
1552
6463
6698
4253
2167
5524
6284
5654
7489
9501
0287
5389
3502
7717
3054
7712
5120
3491
7106
3380
3198
7990
0030
7755
6800
2098
9995
7191
3888
9788
7189
5155
0897
7689
6974
7292
8684
4390
3029
4525
1546
2460
4691
4410
3886
0491
8489
9087
8386
6494
0592
3287
4994
5355
2078
2855
5696
2833
9003
6289
0492
3251
3060
5208
3712
1657
0280
5250
3295
2733
9507
6566
5906
6199
6487
3486
4510
1576
7200
4685
4289
4690
5152
1338
1837
6187
4282
9225
1835
5532
7390
2152
6910
0783
0480
4989
2054
6588
2676
2373
5015
0073
8400
6105
6465
7405
1676
4236
3695
5526
3134
5878
6299
3652
7226
1840
3656
8721
7606
6912
5364
0995
3515
8281
2832
4323
4357
3268
9497
6670
4281
5667
3034
2079
3353
2159
4774
7288
5286
8204
1539
4507
8287
5105
3050
6687
9602
6982
8828
7690
5234
2161
5987
8185
9224
0183
9407
2864
3032
9189
4415
3989
3745
5580
5431
0678
5783
9912
6188
9312
3235
8387
6682
5122
5287
7829
2798
5401
3495
0583
6684
9706
0894
5893
9907
6696
8917
0978
3536
9116
4298
0550
3378
3085
3457
3299
4678
7703
3815
8785
3504
6521
0490
7482
4413
2674
1743
4225
8600
5578
3990
5322
2462
0281
7274
7476
7188
3078
7512
3746
4495
7205
4299
3592
4244
9599
5986
3812
7721
0393
4454
4156
8084
3252
5784
4286
4712
5392
3458
7193
2748
2927
5701
2745
7177
8023
7377
5800
4693
4496
1861
4583
4892
1667
0695
0197
1765
6633
5591
3788
9455
6889
2471
5768
1566
1866
5190
9299
4218
5790
6205
1547
9493
3258
9113
6265
5785
0887
9703
5463
3493
3666
8020
5887
4478
9005
3611
6805
0899
6785
5230
9504
9307
3595
4103
4310
8821
0896
2844
4596
1553
5333
4142
4117
5487
2558
4118
9601
8820
6390
4462
7605
5424
2665
7112
8824
3707
2572
2776
3174
2645
5301
3222
3621
3384
7992
3575
7901
1754
2672
8307
1651
4252
3546
1745
1756
6575
1561
5797
0595
3927
9591
8272
5669
6225
3988
6012
1846
5605
4306
5207
4313
6893
4301
4564
8055
4502
4503
8189
2362
7250
8266
2554
1353
7424
1755
1659
7812
4748
8885
7201
5305
7806
9391
3208
5145
8291
3414
3679
4450
6585
5594
7682
1645
3904
9220
5888
1655
4464
6599
7383
0682
0269
2037
6193
3413
9199
8595
4217
9115
5117
3901
1557
8110
3197
0496
4140
6221
3697
4185
5711
5562
6191
6204
6466
2634
4230
4663
8558
2056
6769
6505
0785
8590
3484
4403
6455
6888
6504
7801
6892
4887
0983
0087
4888
4790
4577
4570
6604
6890
3381
5493
8866
8956
5040
7680
4151
6810
1668
9401
3525
3566
9516
5374
1735
2773
9993
0159
9492
7685
7826
5863
4508
5198
7282
5564
5124
4250
4445
5241
4327
2064
9388
3382
8894
2149
9406
0074
3790
1737
4680
5302
6975
6694
9685
5426
8314
6668
6210
9611
3416
2654
6523
3318
7484
3328
5205
4625
5556
0696
5182
3678
3824
0295
8491
3045
6182
4481
5023
6163
3601
7490
6492
4227
5394
8876
6787
6183
4304
3360
8593
4334
4128
1753
5306
2650
4769
6263
3902
7865
5153
4533
0481
6593
7595
4144
2459
3586
5113
9118
3228
7810
3436
3479
4808
5186
3096
4806
8723
4602
5905
1549
2261
5475
0035
5294
4799
9398
3175
8986
3986
7744
5862
5755
0296
9994
9992
9606
5635
4707
5459
4197
4547
4184
5458
4706
6245
6512
3624
6984
0498
6654
6104
5479
6968
7293
6490
9221
1538
4513
7311
7080
6908
4696
8592
5810
2447
1768
5598
4291
2043
9786
6294
8512
8106
5874
5405
2673
3373
7579
8601
4280
6994
6411
3285
5281
1752
4133
0186
8829
8921
4984
4474
2933
5229
3401
6792
4297
6598
0482
5563
5369
3713
7873
8896
9753
2573
0179
5624
5666
0699
7194
9731
3784
2557
0895
6410
6973
2646
3396
8815
7888
5793
8883
6966
3286
5694
8250
6781
1644
5496
5383
5482
4610
9922
4295
4893
3247
9872
5436
0799
9491
5886
6456
3051
5531
5704
8085
1660
6452
5898
4285
0500
5239
4012
0469
1779
5248
4990
5802
9402
9880
6918
7856
2446
5662
3331
9588
7774
5032
8180
5292
3802
5629
2875
5274
5695
8289
3151
3327
7102
3160
4649
3241
4504
5267
5279
3450
2055
7111
6703
4786
9812
0283
7206
7224
5643
3162
2928
4219
7113
4901
4350
8569
8525
4345
5529
3585
8300
8781
6195
6612
4815
7983
8909
2472
0931
9088
3419
4792
7406
5168
3140
9296
4482
0386
6506
7987
0089
4222
4493
4387
8624
9490
9933
2570
0885
9870
5413
3694
5199
3665
9392
3587
1847
1658
4483
3911
3242
9025
5140
2364
9865
3433
8611
3485
3494
4325
5557
3992
5990
7269
4528
7492
8919
7811
6894
2576
4030
3276
6700
9396
7747
2834
5699
8895
5293
6484
7704
1665
5030
2553
2039
4498
3644
0198
3275
2670
8304
8422
3385
4324
1673
6479
1048
6402
1461
9897
1646
9695
0793
0195
7625
5601
9310
1842
4594
7757
7687
6201
9707
4193
6622
7590
5404
1760
9102
3427
6303
5721
9313
9213
6040
3889
6286
6124
9190
1446
1652
9488
6993
7291
5604
7185
6922
4676
3520
4416
0091
8004
5518
3280
0569
3281
8318
2562
9587
7304
4692
9908
4899
0282
3155
0196
2838
2873
0984
4677
1736
2066
9187
2932
2850
4552
2658
4882
5434
5684
5235
7495
6192
5634
6681
3375
6768
3892
7283
4240
7121
6277
5912
7585
7147
5258
4251
4598
2058
2756
6695
5132
6583
8107
1761
6797
3795
0684
0395
8211
4168
3593
1757
4293
8519
5410
8511
5206
4044
7317
5652
9094
8190
4247
9592
9980
9910
5415
7531
5889
1671
3822
6021
4584
4382
4169
7404
9821
2139
9023
5193
3240
4601
7591
3499
3637
9411
8969
0693
8692
3469
0134
0456
3357
7192
4214
6486
4432
9663
9424
4885
7382
6290
5852
7110
5664
9681
2632
7221
5882
7183
3783
5602
3431
8295
8507
4265
8299
3893
8703
8394
8177
1544
8303
4021
8782
4878
7650
8411
4195
2452
4497
5159
9678
5508
2048
4653
2074
0294
1862
5879
3408
7802
4734
1763
9808
8420
9413
4675
6679
3764
4805
4008
5311
5911
3567
3511
0194
7749
2648
3372
6362
5304
5534
6282
7479
9289
2158
9892
6711
6179
7767
7234
5195
0781
6110
7866
6592
9201
4391
4393
6388
0683
6392
3785
8219
7326
9589
7580
5625
3137
7284
7486
9604
4969
5308
9807
4180
4425
3516
3402
6627
5712
3297
3906
5387
4472
4605
7977
5985
9790
5052
2643
4613
4228
4009
5219
6107
3424
6112
3055
7384
8495
9810
7557
4699
2866
6704
3466
6260
2655
4041
3501
4793
4232
8599
5430
2038
6352
9188
3806
3804
8930
5829
3462
5184
3685
3912
5474
3639
6364
1859
3363
2656
5278
8922
3618
5579
8809
8816
2461
9789
5573
7273
3352
5204
9983
9590
3253
1748
9886
1843
4621
1868
3083
3533
0382
9283
5825
1747
5989
3550
8827
4713
4986
6623
6274
4810
3805
6213
5437
5202
9787
3376
3335
4234
7403
3714
4131
9871
9291
6166
6878
7389
7550
5713
5485
0345
6293
3166
9121
3248
3157
5884
8880
9177
7190
1849
8685
3497
3977
1740
5009
4603
5495
5162
5680
8412
8584
6584
5546
7287
5597
4576
3246
6636
5354
3994
5022
7576
3351
6493
4623
2063
9196
0969
7388
8850
7604
4181
0145
4804
1649
1759
5422
5481
5779
7178
8719
8466
2965
3236
5090
0584
5853
6469
6611
3565
0160
7445
0178
3526
6885
0333
6010
5136
9302
4183
4307
0075
5647
5154
7232
5453
7907
4428
3294
8994
7184
9013
7904
0255
3684
0898
9514
9286
0888
9122
6578
6272
4279
7107
4388
3572
6391
9020
9487
6656
2736
6489
6872
2854
9895
7724
7294
6511
5659
1766
0883
7374
0685
2775
3808
5341
0144
4430
1656
7532
7266
7586
6491
7212
9594
6395
5269
0380
5581
3170
4126
7001
5403
8783
7378
9017
2644
0400
5468
3810
5414
5554
3041
4684
7582
6607
0047
5423
7602
7423
9410
3263
4606
2845
4060
4262
6782
7180
5169
5127
6066
7493
4320
9593
5044
9218
1648
4555
0184
6541
4161
4710
7911
5707
2059
5543
9965
5215
5998
0794
6119
3672
5769
7181
3136
8696
3417
0398
5822
5984
5808
7578
6302
9387
8603
7115
3622
5108
4604
4016
9888
9233
6884
4686
7491
6178
4129
3907
3070
3342
9630
9607
4514
4134
5007
1758
5218
6291
5450
1449
5399
3895
2974
8920
5161
7776
3145
4679
7921
2839
0478
8881
4115
4721
6603
3738
2664
4811
0298
0698
6404
5416
7295
6325
7796
8793
6407
9151
5298
8522
6794
4025
2972
4912
8918
2763
5574
8492
7708
8879
9704
5334
3156
0180
1663
5156
6184
4158
7471
5658
5633
5114
7998
4781
4647
5672
6281
5806
6613
7511
0133
8622
3613
9420
6311
7681
2934
2671
4536
9234
5008
0092
0597
7804
3522
7499
5380
7885
7187
8469
8510
2439
9924
0798
2757
3075
5314
6895
3368
0246
5418
7402
3626
2872
8293
7601
6113
6778
8389
9060
4824
7299
5993
5805
9022
9586
5297
9979
8923
3379
5876
5583
7569
3885
4186
4023
3209
9125
3786
0399
3985
4284
3620
3573
9016
2449
4694
6310
7071
5596
2950
4143
3680
2668
2765
3739
3660
7425
3044
9290
7803
7833
7137
8995
0582
5004
9896
7978
2571
1738
3359
4277
4235
7906
4832
5171
7874
7912
6206
0381
0982
5517
5854
7369
7692
8596
2441
6468
8379
8005
6707
4005
5798
4246
3829
3673
3681
2051
8117
2652
5963
7505
6387
8490
0177
8212
3532
5470
7723
7143
9687
3144
7902
7487
9390
7481
5221
7173
7683
4705
8913
3547
2339
3614
5270
5988
4003
8480
7280
3645
7710
6246
5222
8713
5303
4333
9099
5804
7999
4322
5622
0236
0660
9173
0151
4266
0578
3999
6673
5483
7903
4658
3418
0299
2861
5041
8112
9878
7135
0600
5053
4177
1537
5227
4575
5703
3517
6115
0080
6574
8848
8582
2976
6223
8621
7656
8577
3081
3583
3580
3298
6196
2858
4820
4356
3270
6304
6224
6320
3362
3498
9811
4155
4150
6569
0156
6312
5246
7264
4196
8695
1647
4907
0875
3646
9287
0700
6485
7325
6366
8392
8984
7199
9284
5618
5969
5307
6507
4309
7867
3257
5710
9198
5228
3602
7103
9415
4856
6510
3719
6882
9684
3706
6108
3056
6301
6295
2732
8483
1767
5407
7275
4551
8683
9686
5160
6784
2053
3052
2338
9879
9998
2068
6919
9208
6382
9929
5317
4622
4573
5444
8202
8120
6399
9214
8481
3403
8424
0680
3238
2939
6899
4315
7510
7223
6185
7448
3599
5801
5615
8477
5046
4259
8101
8425
8594
8612
0884
3437
9953
8813
5362
7217
6132
6963
7306
5251
3350
3879
5368
4850
5109
5417
9653
7564
5327
3309
9485
9408
5811
0396
0599
6181
6497
0994
0431
1764
2071
3996
6212
6780
6927
7852
3910
8794
4431
2751
4904
0780
6545
5181
3398
4656
0992
7385
2945
7381
6916
7392
8826
8502
6114
7222
9585
3855
7824
7732
5972
4544
5642
3349
8795
3897
3725
4303
8292
1744
4154
3769
0440
3905
8133
5527
5519
5619
5013
6477
7415
5571
7204
5061
6498
3370
9605
0341
9285
4258
4399
3161
9019
3514
6125
0056
5628
6708
5723
4902
4018
4883
5570
1751
6227
3317
2041
3540
4541
5542
3432
9885
3557
5337
4595
3271
9484
5257
2868
0677
5655
5568
4628
3146
5894
4080
5653
7691
2750
2647
3440
3447
6122
6007
2870
9694
4898
3541
3340
9131
5644
0397
6712
5541
3274
5614
3715
5088
5907
7310
0497
6871
8784
4615
4278
4022
9708
5172
8390
8407
4840
4007
1838
5560
5781
8225
5992
6258
2940
4435
5296
7380
4803
3894
7169
8581
0166
2659
0045
9098
6069
0132
6285
4056
8699
8945
8524
9024
6398
3148
8583
3167
4818
9822
6879
6508
7808
6475
7455
2760
3887
7775
4516
7286
6992
4358
6976
4657
3916
3426
8694
8151
6483
5722
9184
4178
2353
9089
4827
3374
0769
8717
8797
3226
6944
9978
8580
4006
6601
4821
7530
5419
0998
5627
5514
6189
2767
0796
5516
4434
8130
0052
5266
4886
3473
4607
7821
5116
4468
4302
7458
4526
7805
3651
4992
4355
0669
7452
0999
2737
1749
9314
5249
4794
6171
6542
3554
5131
7623
6998
4443
6446
9963
0782
8119
3057
3608
3361
5331
5408
3098
7496
7695
9282
4720
2076
3534
9710
2641
5880
3135
9778
5559
8108
3037
6501
4383
7101
3451
6203
7120
6693
7864
6924
3243
8925
5465
2638
7263
4260
9277
9584
6674
6130
3537
8633
7478
7127
9712
6345
2867
4894
5796
3771
4427
5758
6413
4672
4765
8393
4652
6396
3982
5706
7312
4920
5226
4099
7713
1637
7303
9914
5895
7483
5319
5820
7698
2740
5386
4667
0581
3438
7301
5385
3627
8963
4032
4318
6664
6255
2561
0877
4611
5320
8830
9126
5613
0579
6915
7521
6218
3354
9486
6406
2637
2771
7525
3584
7271
8629
5498
5616
9515
6208
3803
2743
4637
5509
7663
0232
4540
0090
0979
2443
8709
4997
8128
4465
7456
5313
0185
8395
6870
3574
3720
5748
5968
7429
2749
5607
5242
5883
3562
5553
4571
6645
1746
0257
4897
3480
3159
5247
5875
6702
6386
9030
5983
6812
8682
8022
6370
3702
4802
4703
6887
3503
6216
4977
8294
9163
7125
0259
9921
4980
3409
7813
6625
4351
6883
3581
3845
6802
0048
8216
6706
3165
3147
6635
5816
6586
0054
4982
1851
8221
5777
3279
4527
2766
9228
2742
0085
4722
4294
4171
0250
4451
9426
9945
4119
5552
3633
4859
9631
4798
5143
8253
4157
8111
4263
4795
2971
0155
9577
5714
6799
7587
9015
7807
3630
0063
4426
4394
5855
7696
8674
6795
3671
3336
7770
9321
6129
5794
4146
8610
9080
6786
6806
7533
5180
8710
2049
3429
5443
4683
5054
8012
4758
3801
3365
6663
7233
0976
3542
3619
4055
7333
6136
9508
2361
8579
4579
9134
0996
6030
5766
4052
8980
9711
3076
9339
8983
6621
0234
5352
9976
5460
9612
8722
7305
2963
5903
8700
8143
4069
4366
5964
5316
5382
7592
4597
8207
4476
7584
8476
3596
8666
8374
7697
2851
7214
8003
3237
8198
6022
4517
9128
2948
6577
8224
8859
5396
9093
4198
4999
9323
2738
5139
3647
0256
7278
4270
8226
4460
6232
3397
5451
7502
6478
9854
5561
9320
9996
2052
8214
0268
3667
6174
1857
4257
5645
4828
5177
5572
3356
0598
6683
5178
4160
0137
2944
8831
6474
4226
6804
6229
4875
5824
8196
4871
9120
7118
9692
5799
6567
3358
2660
0869
9676
5147
2973
3775
3272
7931
7418
0279
5547
3605
6269
3513
4780
3882
9893
9683
4409
5003
5697
9298
8715
9217
6503
1638
5196
6169
5782
3582
7281
7132
0483
7276
6251
6502
5897
5550
5813
3921
3171
3428
4256
5036
5428
9414
3675
3632
4913
5950
5126
7186
8509
0157
7620
8776
8531
6579
0879
7555
3840
8193
7012
6126
9449
8010
5342
7203
4617
5630
8338
7994
0036
8427
5164
5119
4417
5608
6207
3807
8882
7130
8410
5425
9984
9883
9250
7033
6616
7855
8315
7504
4014
7622
5217
0076
9124
5330
8252
8693
0081
0679
6685
3564
4045
6822
8978
7420
9322
5620
3701
5025
7875
4807
4813
4254
6261
9333
2657
3035
3942
0247
4655
8832
6219
8414
7236
6467
2753
4377
3716
4822
9050
5031
8223
6798
2661
8493
9186
4616
6414
5920
5967
7745
8976
6061
2968
4386
6403
5899
2958
4624
4666
4618
9654
5778
4340
8102
4361
6384
8774
3267
4572
5014
9397
0066
2746
8865
0297
9384
7684
5245
1641
2437
6118
6273
6532
6608
3655
0094
3919
4013
9522
8563
7506
6268
0150
9894
8929
5357
4015
9227
6866
3814
5977
8607
2759
5877
6180
5902
7823
6530
6242
2072
5812
7332
4166
9852
5295
3828
4648
3430
4702
5868
5275
8313
9127
6313
4548
5128
9527
0176
6217
4043
0977
2863
4880
9389
5271
5982
8924
7910
5819
5681
4145
7993
6665
7814
4317
2835
5528
4273
8915
7702
7507
3884
1762
1741
2951
5028
8126
6009
5216
4179
8870
5530
8501
7854
3071
5080
8775
3616
8756
6025
5042
5378
2837
0477
8762
6875
9682
8399
3527
9975
9386
4509
3079
9680
8664
8150
3880
9130
9371
3603
2734
8391
9095
5675
2061
4729
7170
5609
8172
6162
0536
2957
3628
4332
5849
8125
5194
7522
0432
8479
7225
5363
5705
8777
4718
9796
5981
4534
6198
8799
5135
8867
4194
4662
4726
9236
9403
2967
9841
2651
9474
3722
4921
8478
2871
3176
8631
4165
4479
5749
0051
9559
4865
3152
0878
5438
2755
4530
7387
4959
7182
4825
7396
9481
7116
7612
5237
3239
6389
6832
0697
7737
6270
3844
2764
3956
1841
5461
9027
4581
9809
7597
9464
0095
9793
7114
5732
9255
9626
8113
8513
4519
5759
2857
6914
7756
4858
9546
3154
3594
6965
4159
8926
8526
7545
8220
6671
9972
4272
9785
4932
0377
4331
2768
8679
5006
3329
5603
6011
0038
2067
7729
3371
4398
3138
2649
4237
4335
4378
5818
2057
4381
7607
7626
3826
4524
7870
8423
4440
3717
6546
7621
3153
8862
6145
7213
8323
6620
8680
0181
9930
8743
5166
4895
8099
6808
5441
8011
3839
4867
7709
6779
8265
7195
6133
2847
6955
4380
4458
3453
0379
4033
8714
5276
6721
4439
4463
3576
6533
7741
6722
6930
4531
6367
5056
6267
0975
5823
7515
2836
5038
3607
4909
5350
9419
5016
9845
7674
5064
6754
5070
9222
9690
8996
4276
5442
6394
9223
6421
7421
4436
9316
7235
5702
4162
6925
3249
6568
9693
7523
0037
4170
6920
4983
3878
8234
6423
7316
0779
3531
7122
5361
0050
6770
0175
5078
4927
3940
0881
7520
8415
8013
7822
7004
9427
3544
6540
6330
4671
9689
7119
5058
9608
8499
4844
8465
9925
8381
0674
8455
3563
6458
3168
6499
5536
6426
6697
7175
9794
6003
3664
8654
8675
0244
9362
2841
8529
8554
9145
8278
6431
7307
6159
8566
9959
6573
0352
6524
6614
6632
4784
6197
5332
5924
3097
6368
3908
6807
0580
7355
8448
7075
8875
8625
3449
6401
6211
0093
0797
3337
4167
9230
7849
7198
9633
9226
0168
1653
2966
7694
3865
3074
9315
3827
3925
6298
5072
5865
7228
4619
2935
8463
4704
6457
7020
7853
5641
4048
3641
9456
5134
5435
6845
6596
9181
0555
6177
4175
7498
5927
4441
3530
7574
8982
6324
4960
5138
9782
5650
8231
4783
0567
8517
3459
3444
4922
3261
5146
5856
6713
3139
4695
7858
7772
3347
6662
9070
0170
6117
5476
8623
4542
7765
6287
5814
8376
5846
4642
5024
3766
4053
2956
0240
4868
7322
8330
6626
8542
7154
5979
6278
6044
8838
3598
3818
4138
3837
7546
9713
5268
8369
7174
4109
7237
3877
4659
7134
0631
7715
8916
4816
6793
5265
0882
8702
3519
6766
4819
4248
6898
3794
4851
6186
3732
3981
4993
8928
6934
7693
3779
7501
8377
7583
4626
5764
9280
6615
7831
4470
6520
3338
3465
7145
7752
9416
0596
8456
8087
8297
6445
3341
7611
6531
7860
6796
0041
6432
5129
7762
8779
6276
8145
7229
3780
3708
3782
8007
5142
0277
5157
8741
9423
3933
9610
4392
7497
6854
0276
8131
6215
7825
7328
2744
5099
7302
8841
7552
5660
5913
4752
4782
6365
3924
9129
5244
7513
9014
2642
6995
0042
9269
7219
3058
5165
3658
5158
5273
9862
4773
4951
7270
7609
4750
6412
5832
4944
4467
8129
8179
9825
9489
6547
4518
5057
4035
5356
4136
5860
5259
7208
6090
9152
8322
0681
3793
3548
7919
7375
5767
4352
8970
6772
8320
9677
6380
3781
9480
7494
7246
0575
4716
8089
4976
7021
3172
4369
8078
8173
8720
5183
3528
6909
7401
6672
4836
5429
8578
9913
4633
8169
4261
2073
9829
7469
3896
7819
3543
5033
6173
7422
3944
7319
5346
9949
7518
6128
3555
3508
4614
7124
8977
6522
6256
5409
0499
6814
4249
3559
7581
5840
6701
8429
4876
7603
9652
3460
8954
7334
8620
0174
2062
3767
0551
7754
3163
9324
6774
4903
4370
7074
5037
4715
9417
5398
9482
4956
0876
5807
3971
9428
6252
0059
5763
9624
8432
8914
4549
5752
4098
7393
5240
2962
6619
4019
8086
8698
8024
4419
9317
8872
0139
7862
6877
6602
8270
6896
7268
7815
9308
4535
8754
9453
7675
4164
5185
9166
3064
7728
4442
5043
6526
8965
4756
9018
6773
3063
7202
6156
7632
5457
7298
4047
8298
0457
9884
5803
6154
6383
3813
4906
0040
3932
2954
8309
6933
8319
8798
4127
9165
3561
5731
3869
6917
6160
8602
9823
0053
5085
5144
4908
9532
6874
2754
5133
0262
9156
8159
2762
9844
9327
4714
5867
4942
6720
9625
6424
8854
4267
4046
7419
4135
5238
3038
7013
8280
7503
5348
0057
6594
9385
7255
7535
6580
2752
9231
7256
8745
6239
6244
3509
8971
8725
8852
7464
8275
8619
3856
5932
9281
7315
5029
9919
7197
7386
7753
0141
2758
6127
4881
6783
3529
9318
3158
2840
5379
0060
7472
3870
3348
6876
8547
3703
2852
6473
7005
3042
4397
5325
4447
4448
0577
9275
5163
5831
9866
9219
8532
3976
9567
6710
7433
7395
8514
3820
4796
7220
7231
7417
9774
9850
6235
9575
7032
8178
8263
4557
5726
7279
7331
8135
5179
5068
6597
5904
1839
5347
9180
7526
4650
5736
7746
5648
3640
5197
6513
0058
0573
9824
5243
4172
9935
4328
2938
4558
3831
7725
4538
7666
8541
0158
9245
4771
0354
5548
5427
9325
6373
3229
7480
0263
6554
8842
6433
4708
5345
7925
8677
6595
9623
0140
7397
7076
5709
6408
3978
5873
2955
7196
9867
3966
4239
8238
0266
3635
0475
7260
4149
9256
9531
0546
3523
3539
2936
4830
3995
8041
5776
5651
7739
3067
4529
6248
0778
5908
4367
5741
3518
0654
4709
6428
6461
3730
8515
2640
6085
5035
8766
8571
5358
8045
4719
7466
7267
7975
8632
5323
4066
6757
5549
0856
9232
0142
3568
3747
4326
4024
3750
5328
5049
6495
3259
8681
5708
2964
6065
4842
4864
0980
6014
5730
4574
5261
3833
7376
9813
4918
2865
0733
3796
3597
9356
6422
8148
3065
0454
6377
5440
3468
6750
4645
3751
8665
2848
4639
8417
7432
6952
5637
6134
5910
7726
6327
4879
5381
7327
3549
5955
4329
6964
6019
3260
0096
0479
9150
0064
5471
4395
5395
5360
4725
9258
9550
9032
4910
0097
7323
8027
8627
3740
6819
3448
8380
6637
4995
4176
3968
5083
7536
0138
5756
8009
4385
7356
9792
5996
7672
6440
6247
7158
8616
7011
8132
5066
6228
7243
8516
8975
9179
0576
7759
0135
9780
7241
5170
5077
3609
4360
9078
3918
4979
7935
9422
6811
6958
9714
8006
7072
6360
6050
4950
2949
4314
7254
9133
5069
2941
5026
5980
4777
5439
6072
3799
7218
4137
3848
6349
3871
5640
0245
5111
3039
4163
5137
8609
4608
4996
0535
7627
8576
6824
0997
9843
9274
6559
9971
5974
2970
9377
8697
0775
5558
5817
0645
9932
4768
4354
9565
6758
8964
3842
3049
3538
8475
8780
4459
8019
5359
6296
6202
6932
9670
8109
4681
3629
8254
3149
9727
8856
3476
6322
9576
7261
8553
5091
0043
8573
8174
8508
7379
8933
0832
8324
2741
7453
3841
8454
7296
7136
3726
4473
9431
9483
4636
7743
4153
8114
9185
3631
9132
3657
4972
8208
5073
7731
3439
8533
8271
3483
8864
7207
4559
9477
3072
7644
8845
4778
4668
4337
6068
9869
6881
7641
9237
3364
0049
5336
4654
4841
8498
4308
7240
8457
9927
3648
6062
3446
3899
9666
7176
6157
6121
5141
0741
9530
4457
5962
8248
4644
4728
9881
7568
4148
5872
0932
6658
6297
7995
1639
9331
0356
6143
3951
0278
4438
7655
5087
5473
4852
9944
8459
9828
6572
5372
3862
9974
3950
6481
5371
8098
5821
9939
4319
7996
7128
4755
3634
7662
3946
3556
9433
9619
6109
3866
4365
9345
4797
5079
6552
9430
4147
6652
6939
7599
6048
9674
4376
9475
0467
8656
7834
9382
6168
5318
8724
9164
6509
7619
9795
5082
9278
4631
7730
6164
8194
0533
4975
7019
4727
3475
7146
6328
7031
3053
7454
8796
6271
9363
6334
0065
8999
8408
5397
0146
5537
9954
7131
8536
3914
6582
6517
7247
9242
5480
0964
6140
5668
9644
6033
5447
6419
5975
7431
9622
0264
7155
5718
2761
8450
8546
4846
8527
6375
9583
9916
3367
5448
7463
9467
0735
9183
0468
7473
9378
5017
7596
4070
5843
5750
3724
4027
8572
7215
6847
4471
6647
6326
7915
4396
4026
5780
4620
9137
9251
5928
7742
8597
6657
0344
7716
4723
4418
7942
6850
0563
4939
3661
6378
4139
3809
6880
3770
4363
8613
7108
9645
6830
5065
8360
9917
4095
9628
0154
7006
4866
4461
5999
4627
4051
7407
6825
4028
3729
5670
9873
4823
9563
5338
5717
9169
4049
6516
6141
0062
3876
0235
9309
5971
5661
9469
4042
8016
5081
7528
5795
9534
4330
4348
9581
7519
6240
0274
8138
2735
9454
6935
3463
6355
4735
9264
4437
5815
3047
0532
6374
3617
5329
0136
9517
4453
8967
9463
0866
9379
6222
6254
3653
9620
4965
9319
2953
7309
6564
8021
3464
8936
3048
7570
4275
3676
9662
3983
9934
6659
8255
0974
4669
6534
4923
8227
6018
9509
3748
8273
5827
3674
7022
7073
5027
8168
7946
6844
5367
8416
7153
8247
6945
7719
6954
3819
4970
9435
4745
9931
5952
9421
3755
5961
6155
3683
7615
8471
6820
6937
3817
6496
9523
9176
9478
5809
5076
7139
3858
8142
7257
3754
4371
9238
7524
6346
9136
4763
4929
6515
4757
3558
8175
3975
1858
4635
6008
8729
9820
9968
3623
3953
4743
9520
9170
9970
8614
9853
5067
4981
8218
8232
8873
8653
9239
6967
8277
0458
8213
3834
7043
7023
7408
8608
2860
0466
8222
7129
9373
3772
0566
5965
3066
0172
5093
4651
8861
6309
9781
9252
9997
9029
7809
0452
5167
8375
8018
9143
8972
9826
8378
8161
7928
4238
8296
4296
7416
6651
4446
6938
6236
6950
6716
9783
3797
4173
8017
6093
8739
7645
4924
0633
8626
7133
4537
7976
6135
6949
8770
7567
9580
3442
4717
0265
5774
6385
7933
3830
9146
4931
2843
5636
7010
5830
6146
6639
3659
9326
6855
7618
4384
6823
3059
3470
3969
6727
8276
4998
9656
7109
8044
7835
9197
6220
6152
8215
4543
7078
6638
5921
3954
6960
3043
5148
8269
6519
7539
7035
3638
9582
3709
8955
5926
5045
0163
6314
4814
3857
7642
9272
7828
5376
6858
8115
0272
5075
8760
3973
3798
6051
7764
6308
9154
5916
3967
4930
8551
4779
7735
6043
6897
9951
6059
5209
9768
4632
2739
4736
8733
3765
8530
3949
6557
4264
8874
7451
3852
3642
4855
3471
0039
6253
7565
6724
6032
6959
2849
0960
4241
5922
3068
5649
7540
7363
9777
4730
5173
7018
0067
5034
6243
5753
6631
0171
5861
0340
5086
0833
5839
6317
9679
7966
5864
3682
7657
7840
0149
9784
0561
4629
9833
4749
9355
6099
9613
5370
6357
5375
8678
3441
6339
8962
6563
9572
4084
7508
6318
8026
5373
6549
4274
9147
8968
5973
8217
2961
3346
9259
0676
6581
7572
9658
4978
6544
0771
3850
8397
7818
6430
4062
5663
7633
3759
9235
4809
5175
8468
4849
0260
8195
5866
9335
3922
8726
3920
7142
6471
8152
4674
7671
4346
2937
7024
3875
6719
4838
9297
0378
8652
7566
9249
3903
5617
3854
4760
0360
8014
9448
0636
4609
6415
3649
6803
4936
9868
9044
5720
6529
5915
4961
0238
9752
6634
5018
4063
4353
7927
0972
6735
7341
8268
8165
0164
6214
6067
9172
5735
8755
8751
7598
8316
9375
5909
5960
3073
4952
9928
7647
0233
5844
8849
9026
9370
3928
7538
5994
9329
9817
2960
7859
5638
8868
8240
4925
9641
9827
7630
9262
8552
5344
2959
3778
8279
7344
9040
7051
7648
5062
5970
7841
7534
8931
8655
8663
5918
0243
3727
0335
7543
5842
6732
3917
8372
8728
8365
8071
8077
3552
6231
7162
4362
8229
8747
7529
6024
0965
7836
5724
8256
5719
3273
8237
9771
8727
6045
6250
5939
7345
8496
7930
0872
5933
7969
9209
5871
0173
5881
5539
8236
7252
3997
0241
4853
7952
9542
3930
0455
5942
6829
7442
6997
0332
6548
6777
9942
6840
7159
8060
8342
5540
4341
4670
8164
8243
9160
4817
6429
7168
9675
6815
4843
5771
7258
7144
8759
9816
7820
6936
8544
0359
7541
7631
4751
3762
6337
3472
7045
0046
6354
7876
7259
5343
8262
4870
6648
6442
8953
6381
8308
7551
0270
4744
9525
6080
5728
0148
5937
7643
8409
8153
0844
7748
9545
5833
6353
9135
9526
8155
3668
6359
5740
6472
0571
5351
0061
0966
7763
4847
4630
0640
9617
8140
8708
9832
9956
7014
4940
8363
4933
6332
5936
0463
7313
5733
9544
6147
5850
7720
0572
8333
8141
8176
8046
8562
3832
4539
6957
7157
9055
8974
8171
5770
0082
8139
7163
9330
9141
0474
8834
7832
4078
0644
8419
5914
7262
6813
5729
3776
0632
7251
2853
4072
8258
5762
4347
6435
0554
8031
0470
8927
6081
4429
3749
5174
8331
8382
8428
9097
6023
0543
8357
7959
4174
4553
4065
9265
9962
7340
0442
7871
8451
0675
3843
7366
8464
0642
4915
8147
8241
0349
5760
4955
5098
6004
5725
8373
3960
8659
6138
9031
9261
7050
8979
3816
9964
7086
6617
8574
9661
5958
8052
8767
0541
0275
8344
5931
6209
7514
8134
9476
6042
7053
4737
8628
6852
9721
7646
4967
0167
9664
9920
9425
0732
6417
8244
6941
8662
5019
8497
0254
6775
6323
9673
6077
9761
4966
6745
7868
9519
8670
3728
9655
0564
8575
6064
7371
0161
9271
4731
4375
7394
8941
4058
0538
6650
4872
6558
0745
3761
6371
8329
0083
3756
7949
7665
0086
4372
9155
4974
3461
4759
6167
7009
6450
8163
4698
7148
4916
0854
7850
8651
6717
4034
9144
9342
9863
6026
0773
5715
8718
6015
8946
7908
8091
8317
5716
6929
7017
9273
6550
4754
8981
4733
9268
7242
5746
2946
8050
5745
4090
6341
3744
6818
7362
7872
9615
9973
0945
6642
7138
0859
0836
8053
4776
9254
9447
8461
7015
9814
5063
9950
6170
9543
5096
6733
4732
0444
9551
6570
8556
4973
6249
7335
9848
3915
8116
6476
7556
4374
8951
5954
5941
9957
2952
7320
6535
7661
3970
5092
7318
7165
3943
7361
6017
5997
0656
5834
9746
5739
3931
6437
7760
8170
6741
0346
6943
3909
7932
0765
7750
8127
8565
9763
6675
9736
6149
8997
9528
8396
6259
9533
0366
3774
3964
3736
0355
9574
0252
9834
7652
5089
9566
8413
8453
9668
7830
8431
9561
7368
6865
4067
2859
9732
6056
8843
6518
5727
3853
9248
6740
7238
5772
3980
4017
7847
7324
6315
9524
3947
9158
2947
9443
6831
8667
4775
5857
7446
6137
5734
7209
4746
9636
6237
9882
0655
9769
7560
7081
4086
9334
9635
7056
9357
6561
5828
7025
8742
6480
6016
6331
6538
3723
7608
4342
9518
6771
8418
7922
5978
7916
4857
3835
5851
8615
4772
4724
5260
8840
0768
6443
6809
9279
4368
8097
9077
0165
4339
9178
9614
7427
7030
9864
6078
6848
8051
4071
8635
6660
9479
7594
0271
8336
7640
6576
0242
9065
6571
6817
6460
6739
0476
6238
0752
6148
0756
6031
7398
3823
9429
8160
8065
9539
9459
0446
5631
7736
8398
9857
6257
9364
5848
4831
6709
9717
0874
5754
7914
7761
8434
7354
4697
7245
3929
9376
8064
0871
4845
6344
0439
9553
6827
9923
8960
8327
8267
9332
8731
0956
7768
3860
7965
5841
6005
6372
9161
8355
4739
5956
0472
6340
8430
4634
6931
9722
5339
5176
9473
9082
6962
0963
4860
7046
7436
7628
9175
6861
9148
0433
9952
7920
6641
7636
8452
7516
0471
8617
8851
8961
8197
5917
5765
7460
7863
7923
7527
7964
9564
7166
6054
6348
8528
6759
7038
8149
8473
0834
4945
9764
9045
9650
9440
7239
4085
0544
5751
7909
8737
8259
4336
8863
6928
7347
8543
4271
3061
4926
5744
0973
4957
8630
9140
5773
0968
0739
7083
9409
8157
5084
6444
9757
8934
8334
4928
9159
8245
0845
0237
9380
6628
7089
0747
4770
9718
7437
4349
9724
6646
8773
5976
3718
8233
6821
7352
6427
2942
8932
3846
0435
7164
0350
0842
6338
8598
7329
8853
4963
8474
8561
7924
4660
0560
7558
8435
4379
9926
7837
3881
6351
5934
4854
9350
9372
8440
3938
4873
0760
9716
9915
9560
6764
4863
4449
0944
6335
4054
9374
4874
4943
5845
9754
0774
6241
5449
9383
4919
3962
7091
0358
7330
6755
3948
3898
4877
8235
0776
6029
6470
8716
8772
5149
3867
0562
7370
3849
7409
7367
9540
4359
6763
3861
8644
9162
9056
0935
0253
0873
8545
3935
9578
6833
0951
9167
8025
2943
6514
9642
0955
9266
9858
8661
8054
6049
0841
9246
9621
8341
8032
6172
3873
7088
7542
0152
8370
3945
0450
9715
8535
6835
9651
5949
8835
9943
8858
8846
9171
8750
0671
7918
8564
7651
0249
0933
0663
7413
6723
7461
7950
5047
3913
7974
7060
8567
6730
4640
0748
9452
9075
7059
4741
9639
4941
6307
6528
7444
4861
9765
9570
7151
4082
3847
9035
8326
4665
0372
9468
4373
9418
9729
8518
3046
0375
7037
9548
0267
9555
8166
9470
5935
8764
7351
3735
7634
8442
0574
6316
8074
5048
8676
0949
9946
6144
8079
7372
0638
9450
5836
6553
8251
7265
6013
0967
7008
6350
8092
7064
5094
8154
8260
0537
6038
7364
0565
8938
0453
8347
8550
4937
7253
9723
6079
9568
8763
3864
0336
6537
9168
7971
4068
6153
9671
6418
8345
8062
6731
8242
6753
7365
6842
7160
6867
7443
0942
7161
6151
8950
6358
0362
4097
4917
6742
9257
6347
8351
9847
7141
6175
7346
9153
9569
6873
5948
7549
9830
0559
7573
9831
9034
6084
4093
6629
8757
9918
6083
5835
8549
2862
7616
8075
9462
6091
3959
3958
8973
8638
5071
7758
9432
7052
9142
6376
8067
6142
6525
3955
7953
8332
8753
8257
9728
7963
6643
0347
4766
0665
6075
3731
9849
6849
0437
7085
4935
2842
6361
7462
0248
7440
6940
3926
8072
0436
0635
9755
5737
7961
9073
5497
9627
9818
6725
8162
8966
8095
0434
9815
0363
3560
5940
0971
7614
8438
7968
6863
6448
4740
6165
0864
4061
8441
7360
7562
9535
9465
7028
0251
9365
0343
7308
8096
9947
5738
9643
0162
9735
8857
6034
9344
4835
0862
9081
7544
4096
0371
9851
9157
5761
6857
7090
0639
4914
8364
0239
5095
4059
9263
3741
0743
6539
7062
8069
6653
7738
6555
8093
4839
9558
4091
5074
7960
0557
0084
5925
9436
3643
6718
7751
3836
5365
7629
8035
8028
7917
5929
5059
6027
6063
7537
6953
6640
0767
8860
9756
6158
8847
8156
6862
9054
0462
6649
7067
8673
5743
9861
8094
9037
9061
9046
7658
8356
0548
6744
9381
8672
9609
7844
0953
0750
8354
8758
9270
7359
9041
4958
0651
7167
9138
0742
9247
9772
9445
8371
6055
6095
9557
5349
4641
7470
9369
0950
4964
8957
9351
3963
5039
4762
9244
6609
7951
0337
8030
6828
8015
6618
8559
8443
3872
9243
9354
9343
4076
9730
3752
8337
7668
3859
6379
7084
6736
8943
9741
8137
8940
0273
7973
0568
9051
8671
9579
9028
9734
8949
4947
6342
8249
0970
4953
4039
8449
9647
7554
6449
5538
9038
8057
8359
5945
8033
7571
0857
0451
0843
6434
7553
0338
4089
7438
0540
8047
8144
5946
0545
7740
6838
8618
7230
7095
7314
8029
8274
7297
0643
8343
9461
8040
8540
7817
8446
3734
7096
9458
9842
6039
7613
7659
9240
7039
9069
6086
4364
4834
6948
4946
4075
6859
9086
8657
4833
0473
6951
6756
6150
0658
8061
9940
8761
3923
9773
8146
7441
4968
4036
9720
8043
3972
7430
9725
9762
5340
7156
6343
9640
0751
6089
9659
0868
7517
7016
3952
6416
0867
9742
9337
3965
7839
8650
4088
7034
3874
9079
0753
8752
4837
8641
6451
7435
0445
6729
8746
6028
8209
7468
0342
8230
7140
7249
3757
9938
6536
8325
9328
0539
9057
9775
7049
7934
5742
7957
6036
9541
7350
8350
0348
7054
0755
6441
9174
9451
4767
9083
5919
0361
8366
0835
0649
3941
9538
0364
9067
3937
7026
9573
9062
8076
9366
8771
9562
8736
9760
6947
8158
3763
6956
3758
0662
8058
7094
6751
9739
0961
7848
0664
4037
8735
7353
9043
8768
8937
8643
6864
6765
5930
6459
7065
0542
8056
7339
3936
4742
5923
9776
9063
7343
9936
9096
8066
9767
9837
6746
9958
6329
8939
9039
0837
7947
0570
7428
6714
6356
7653
7843
7087
6097
4638
0849
6946
6397
6047
4094
9618
4083
0553
6333
3957
9726
9336
0855
9819
7338
6527
0353
7624
9472
6562
5947
0653
9049
8640
6856
6843
9556
8555
9064
9860
8837
9745
8037
0840
0937
8467
4738
8636
9660
4954
6082
7042
4962
0766
8239
4064
8070
8036
9471
0668
9047
6037
0870
3868
8362
8539
8328
3998
7561
7967
7816
4079
6726
6749
9353
9743
8570
4029
8871
6076
0376
9629
7929
0460
7838
6834
7098
7336
9547
0261
0441
9549
4761
6409
9638
0764
9665
8942
0761
8538
8349
9149
5838
5944
9740
6551
0846
4092
0647
9967
6747
9466
9759
0374
0863
0670
6839
9766
4661
8167
9960
9048
7439
7450
0534
9267
0634
7099
0365
8560
9033
3979
9554
7055
7093
9948
0763
3062
8361
9042
0673
7069
7955
9460
6715
7660
9068
7150
8447
9361
0948
0858
6961
5837
9036
0068
6436
8352
9749
9434
0672
7638
4074
6176
6743
0334
8639
7066
9437
9340
0749
0865
9338
6926
4087
6560
6836
4829
7048
9719
0556
0759
8637
4073
8444
0558
9744
0772
7958
8734
8063
8261
6438
0762
8952
6074
9855
5097
4057
0370
9439
7248
8958
6447
9738
7041
4948
3851
3974
7061
7036
7548
6094
6035
0659
8348
4934
7097
7040
3961
6057
0962
8346
9053
6762
7851
7563
0757
0952
9733
6439
9442
0758
7216
8645
9260
8649
6041
9529
9368
9367
7003
9360
9359
8647
0641
8634
8648
9438
0839
7670
0957
7092
7936
8445
6738
6851
3760
8935
4753
6058
7937
9084
7842
7943
8437
7357
7079
8730
8568
9839
6826
7945
0652
9709
9058
8959
6046
9253
8534
7029
7962
7063
6748
9941
8646
7639
0860
9052
9657
6816
6737
6837
9444
6071
0850
8947
0744
7457
7434
4971
6088
4081
7149
7948
6053
0657
3743
7244
9750
9074
5957
7635
8944
7939
8460
6853
0740
8368
3768
0954
0443
0373
7152
0661
0367
8839
9446
6098
0465
0646
0449
7846
3670
0736
9085
0938
9349
9770
8039
0940
4338
4038
0847
8034
8136
0464
3863
6728
9276
9071
4643
0936
8049
7027
9076
9634
0947
9348
0861
5951
0943
0941
3753
9059
6841
9838
0637
9937
8059
9646
9616
7617
4938
8073
8358
9672
9637
9840
8948
0667
7349
8436
0959
9835
8353
0934
9358
7449
0461
8557
9747
0946
7068
8042
8740
9758
9241
8340
0853
6761
0459
7954
6139
8548
8537
0848
6846
9346
7509
9341
8339
8658
7857
8660
9552
0448
6087
9536
7358
6860
4764
9748
8470
6734
8836
0549
7459
8738
7940
9441
8748
9571
0648
0738
6092
0851
0746
3934
8744
7938
0368
7044
0447
5938
0958
5943
7057
5870
9347
7348
6752
8068
9667
8038
0754
8458
7342
9836
7970
0438
0650
9859
9352
9648
0339
9139
6096
7941
7649
7082
6760
0939
7956
0552
9751
7972
9072
0734
8048
8749
0737
7637
9649
8335
7547
0547
9737
9457
6319
7047
6073
9846
9537
6052
9066
7559
8367
9961
7944
7058
0838
8439
